1.3059180983	1.7022877377	-24.0
2.80327137643	1.41193592374	-18.0
0.525940489556	-1.04916618589	-44.0
1.92949955846	1.63025710955	-16.0
2.41331317945	-0.958223340995	-44.0
1.80637677229	-1.31005922012	-42.0
2.36799137273	0.0944116649796	-24.0
2.97239488269	-1.38529992326	30.0
3.17057810922	-1.31139746694	40.0
0.943043023499	-1.87500069833	-44.0
3.00615940902	-0.332719518939	40.0
1.64525149198	1.21390780019	-28.0
0.234393263497	0.728364334112	-44.0
1.07761256127	-0.740704223181	-44.0
1.96325360169	1.27803151071	-18.0
1.77581750343	-0.719465238391	-44.0
2.81431655465	0.149550903426	-6.0
0.605790187279	1.01864396162	-50.0
1.68457263453	1.01246366957	-50.0
0.71910399638	0.638850568413	-50.0
0.479566528137	1.05944308219	-36.0
0.186764721619	-0.828063335693	-44.0
2.81766224918	1.21755094471	-6.0
2.87657465532	1.26718901616	2.0
3.52238441622	-0.609586879385	40.0
1.92027663866	0.674654739303	-34.0
0.524211167731	-1.4147212858	-44.0
3.33003388336	-0.413595603313	40.0
3.29708760911	-1.86600830287	40.0
3.85210256359	-1.53616580923	40.0
2.85599750559	1.78018387179	6.0
3.31861371505	-0.397708218561	40.0
3.10926198556	-0.11105656601	40.0
1.35633797879	-1.02030735457	-24.0
0.747926870359	-1.40220162079	-44.0
2.14993154368	-1.92221075106	-28.0
0.376300982415	1.3729139661	-40.0
2.42166669693	-0.406474238481	-28.0
2.89920463085	-1.82480056441	-6.0
2.17283243281	0.127534007943	-34.0
0.388770915704	1.89162251425	-46.0
0.221911633111	0.670803039572	-42.0
1.67312233538	-0.563509251491	-44.0
1.08959899374	-0.804779458258	-44.0
1.15851041623	-0.983867765953	-44.0
1.26967104521	0.951541822112	-28.0
0.96171990686	0.041013653891	-44.0
2.46834671723	-0.931288954728	-44.0
3.60572545333	-1.65139299845	40.0
2.00438274543	-1.8367127145	-36.0
2.15545797603	-0.513140405163	-38.0
0.784962280335	-1.00237111436	-44.0
2.29165039938	-1.69165305293	-26.0
0.876870552144	1.32225599976	-46.0
2.88736551714	1.02154007216	-8.0
1.34388537987	0.854569062823	-18.0
0.918380270961	-0.799032424039	-44.0
1.31708462696	-1.19374857027	-38.0
1.1389725523	-1.70800284003	-44.0
1.71935001853	1.35621732156	-46.0
1.45200567542	1.65894324457	-46.0
2.6737792789	0.253958194976	-18.0
0.757744250839	-0.039149953374	-44.0
3.73929492864	0.704357995031	50.0
3.44173016051	1.84783632271	46.0
1.76474168177	1.1155382175	-24.0
2.40189174819	0.602386555496	-36.0
0.336008717907	-0.5606468719	-44.0
1.87584625134	-0.628965009997	-44.0
0.252286088512	-0.386987288391	-44.0
3.35129819981	-0.169769646656	40.0
3.18472077827	-0.477418227553	40.0
2.24991331061	-0.378586094692	-24.0
2.95268819748	1.13772540471	38.0
2.61232850608	1.89489919955	-30.0
3.88382476892	-0.204062752709	40.0
3.87434204267	1.34900628715	34.0
0.237174717783	-0.297303319528	-44.0
3.78844244048	1.20526791912	46.0
1.25311366398	-1.06867458742	-32.0
0.787609731925	-0.440095695117	-44.0
1.04506403206	-0.00814128928947	-44.0
1.66815899242	1.14996769127	-36.0
2.26977675508	0.531284090813	-40.0
0.599445000873	-0.300946382293	-44.0
1.687574466	-1.03563215228	-44.0
1.38982882998	0.416001009398	-26.0
2.0255128388	1.24337727331	-42.0
1.01580728609	-0.540116974663	-44.0
1.87550406564	0.943305336657	-40.0
2.65646476872	-1.53906677133	-26.0
0.481568378729	0.627172320924	-50.0
2.72198224974	0.65262349562	-42.0
1.87977283097	1.73913531416	-36.0
2.51798225599	-1.85689837883	-30.0
0.166768194354	-1.7426709772	-44.0
3.06028566542	0.34894828935	38.0
1.69996220224	1.23727779135	-46.0
3.25665724502	-0.216550275762	40.0
3.87832091921	0.251299248639	48.0
3.71332314037	-0.76414709961	40.0
3.35635500333	0.0326403211504	40.0
3.88209121424	-0.656185734273	40.0
1.70997652405	1.39723812138	-38.0
1.96343849387	1.91828553971	-28.0
2.45344443806	-0.742799795258	-44.0
2.85540454425	-1.31934760571	-4.0
0.908160876827	-1.31425867909	-44.0
1.33140996906	0.48498769737	-34.0
0.339826362945	-1.1508539718	-44.0
2.60609078048	-1.02835023524	-28.0
0.746499413709	-0.931658776802	-44.0
1.11050424703	0.96132310321	-50.0
0.579628508667	-0.169871555614	-44.0
2.37222097649	1.33539002303	-30.0
3.43575721987	0.84672290284	46.0
3.36080767062	-1.40988252895	40.0
0.616685956101	-0.922600749507	-44.0
1.09001133601	-1.42566737173	-44.0
3.42457121826	0.319201545447	38.0
3.72322910811	-0.00971814027318	40.0
2.84450740035	-1.70977025564	-12.0
0.274290173061	1.67776268794	-38.0
0.124161143081	-0.432909817711	-44.0
1.90227891325	-0.839735319688	-32.0
3.38431022834	-0.171013565164	40.0
0.878211852505	1.30291262087	-48.0
0.10866431316	1.37657992326	-46.0
1.90599693512	0.897918306589	-26.0
2.26772258078	-1.83304148359	-42.0
3.4604513844	-0.24023518605	40.0
2.85366408566	-1.69139683529	-12.0
3.72754094892	1.10552520846	50.0
3.75995335249	-0.494001008978	40.0
2.29823614679	-1.874394497	-22.0
1.9680725979	-1.17388565768	-26.0
1.5035080179	-0.529663893072	-34.0
2.16913936215	1.042850621	-28.0
3.52412187395	-1.85996626284	40.0
2.36116690384	-1.88639725162	-44.0
0.278952704621	-0.4641280421	-44.0
2.71167763154	0.071193110907	-36.0
3.69659697794	1.7803618736	50.0
3.2408621038	-0.337615426885	40.0
0.405327361957	-1.9395808454	-44.0
2.18685610667	0.434823251644	-28.0
3.41889200059	-0.561114277546	40.0
3.36171246778	-0.187124526917	40.0
3.01124529133	1.29015636734	38.0
1.96935859994	0.25164319438	-18.0
1.04152749031	1.65569832243	-38.0
1.89960037757	0.565726274798	-34.0
3.68078268899	-0.593208092353	40.0
1.47150910344	1.00702273868	-36.0
0.6118194003	0.223777092074	-38.0
1.53179797138	-0.198695066808	-24.0
1.89644211796	-1.24863641599	-44.0
1.45714901957	1.29639698047	-34.0
0.150452596911	0.587140872257	-34.0
3.88249474059	-0.901811953331	40.0
2.67480166966	-1.56061760874	-26.0
3.08071743388	-1.92192558329	40.0
2.45866946568	-0.873405484969	-44.0
1.67142826367	1.8874049144	-46.0
3.42635186358	1.69646950066	48.0
1.26480517726	-0.39410255939	-32.0
2.26240953439	-1.47832441431	-42.0
1.09267189778	1.38345389565	-46.0
0.786701914302	1.73981493334	-36.0
3.48394182548	0.785806237101	44.0
1.72980537992	0.476813051281	-48.0
3.74422181602	-0.216857833299	40.0
3.91838298722	1.31866616629	38.0
1.97944584864	1.62322446592	-26.0
0.867804949536	-0.051016347085	-44.0
2.41468873084	0.224110663081	-38.0
3.46085546266	0.94462656695	44.0
1.35180153469	-1.78022313279	-24.0
1.4644651881	1.01329630112	-36.0
3.82209569313	1.05758983908	38.0
1.20005719879	-0.535933782631	-42.0
2.93151614376	-1.07220918408	24.0
3.58912424378	-1.88494319759	40.0
3.10570543456	0.49930689171	34.0
1.93272915591	-1.94618887013	-22.0
0.383032002834	-0.161603284835	-44.0
2.37997118762	-0.322708999128	-24.0
2.80420137724	0.75895237218	-16.0
2.4773558539	-0.354774144735	-44.0
1.48958065215	-1.8994668873	-34.0
3.81598052092	-1.40254170912	40.0
0.946501099222	-0.726272509286	-44.0
3.52650793239	-1.50826216709	40.0
0.716353510621	-1.74531199234	-44.0
3.20530713378	1.24875884422	38.0
1.43964854633	1.93870878882	-34.0
1.17104628095	-0.0615977733988	-44.0
3.11543752158	-1.32318767212	40.0
3.45408573094	1.03321879386	46.0
2.00206069462	0.391383489051	-16.0
0.343694388269	-1.10863311454	-44.0
0.745725054705	-1.76194638363	-44.0
2.18360268902	1.75160117775	-38.0
1.22186116732	-0.0839867655878	-42.0
1.06929132933	-0.701296659577	-44.0
2.46119594501	0.922007639102	-40.0
3.91679866513	-1.87266061651	40.0
3.59156392528	0.91331610335	50.0
0.750069709287	1.72563867	-36.0
1.01690000244	1.70036381751	-36.0
1.41061206059	-0.987382933975	-42.0
2.48148313165	1.65737143353	-38.0
2.55196590033	1.86881016067	-16.0
3.18825218512	-0.0680889687714	40.0
2.35843000924	1.20790039503	-38.0
1.58156640048	0.619896333964	-44.0
2.44860688043	0.183302592608	-32.0
0.87979088244	0.119264885049	-40.0
2.33269545158	-1.04033147964	-44.0
3.94476105639	-0.721953713502	40.0
0.880223795877	-0.928295119223	-44.0
3.24269074296	1.47119078808	36.0
2.5622580671	1.60347928384	-12.0
2.2745461419	0.278660950483	-38.0
2.93621821271	-1.50445326813	24.0
1.44684554523	-0.052454915552	-42.0
0.537593762585	0.917000965449	-34.0
2.19590675846	-1.44545952754	-38.0
0.326867467256	-1.54118722832	-44.0
0.364997078393	-0.545073289471	-44.0
1.8072051656	-0.659841068937	-42.0
0.675125854759	1.45981280364	-44.0
2.31169476036	1.92994279618	-38.0
1.12702391131	-1.05464330439	-44.0
2.04643463994	-0.210918633759	-44.0
2.35380484795	1.31992207094	-46.0
1.63063174118	1.171425898	-14.0
1.20161995299	-1.40071305371	-42.0
2.9337027343	-1.71279885265	24.0
2.79415339251	0.390329158957	-6.0
0.229341000942	1.68457091584	-38.0
3.85357723805	0.0415907805927	40.0
0.652389018489	-1.31410097825	-44.0
0.540587524665	-0.184744608688	-44.0
2.1608727173	1.24825965774	-40.0
3.34733826961	-0.76997703726	40.0
3.4403375693	0.0243754895485	40.0
2.30658519963	-1.42791980299	-22.0
3.67083996398	-1.92244365228	40.0
0.870797553232	-1.27211910216	-44.0
3.84865033249	0.447603879299	36.0
1.96836570663	0.182272157188	-26.0
2.787247371	-1.45064018059	-20.0
1.48229463984	-0.840142500232	-34.0
3.51276435801	-1.320170748	40.0
1.68233932875	0.78533424832	-40.0
1.60547001338	1.2982931107	-34.0
3.40519036469	0.770991220034	36.0
1.30866612622	1.36376500938	-34.0
3.4570271874	-0.975359001078	40.0
3.71836957673	-1.87358487179	40.0
0.629646353889	-1.30724820507	-44.0
0.107961184041	0.00351309363411	-44.0
3.4654838516	-0.837839448388	40.0
1.15079290466	-0.0914832988206	-44.0
0.474315003996	0.711990781781	-34.0
3.49944281867	1.64109766896	40.0
3.80903299536	1.41913934967	34.0
3.55479787266	-0.0409229327769	40.0
0.989430195439	-0.489811399636	-44.0
0.811491036612	-0.649543179424	-44.0
2.11196506375	1.12707730544	-38.0
2.42218635805	-1.69431669745	-28.0
2.70813482553	-1.74408329048	-36.0
1.08862213485	1.90769852399	-46.0
3.21004178425	-0.977854063337	40.0
1.67019726733	-1.25260099991	-44.0
2.83105410751	1.42696444291	-32.0
1.43376442869	-0.7958966648	-42.0
0.950651857437	1.61799267802	-34.0
1.47990124046	-0.0348692994229	-30.0
0.968006857091	0.768194560586	-48.0
3.21650681452	0.219552749306	46.0
1.09483779354	-1.05340545234	-44.0
1.10848319411	0.465795394975	-48.0
0.443493007503	-0.726244230639	-44.0
1.16186548922	-0.104019984814	-44.0
0.352654382757	1.0969419162	-34.0
1.18701150354	1.69758288797	-34.0
3.62606248717	0.293948644645	48.0
3.87563364381	-0.930976516871	40.0
1.55232581051	1.10110434934	-34.0
3.84749070474	0.626401285414	34.0
0.453396913465	1.09432277603	-38.0
2.17046230213	0.940809177526	-34.0
3.90110771014	-1.24780793979	40.0
0.514339298746	0.184034214533	-44.0
0.890305966609	0.334740004558	-46.0
3.454748963	0.565650433058	38.0
2.15444889412	-1.09093051072	-38.0
1.25652110434	-0.517804174079	-32.0
3.29012293359	1.27003813878	46.0
2.307757063	-1.91375354996	-38.0
1.76223027208	0.583850331096	-14.0
0.301272306285	0.835327628347	-38.0
2.30873733669	-1.56774876127	-38.0
2.27189214054	-1.34907102127	-42.0
1.85025821031	0.881624212745	-38.0
1.42655865228	-0.789757529039	-42.0
0.246524447069	0.161749235102	-34.0
0.940961368756	1.83549674035	-50.0
0.282384406119	0.0606718490836	-44.0
0.113401806674	1.05838833714	-46.0
0.697888251357	1.62293504981	-46.0
1.5395834277	-0.0387274565336	-24.0
3.56181860944	-0.96970329649	40.0
2.38807651777	1.23762575388	-36.0
0.536603803068	0.139198141919	-40.0
3.2596053352	0.552420793686	48.0
2.32098485703	0.69403253024	-48.0
3.82032864403	-1.73733684769	40.0
3.6434582854	-0.786665455415	40.0
2.36681355324	-1.18706190464	-44.0
2.45666436413	0.531769514442	-42.0
1.13625765256	-0.178867224177	-44.0
3.05451201602	1.21973451527	46.0
0.59547060501	-0.26425134641	-44.0
3.7694996776	-0.175942182831	40.0
0.425107818428	0.480786941198	-50.0
3.2621553946	0.581692863756	50.0
0.66133217156	-0.558377649586	-44.0
1.93960008449	0.240693930416	-12.0
0.800821720071	1.06974648289	-34.0
2.2929871752	1.92913698458	-20.0
3.91683823719	1.71242438372	48.0
0.538533547386	-0.291924005714	-44.0
0.915014032347	1.52431604646	-36.0
2.16656711857	-1.54504438431	-38.0
1.07287882885	1.52126162615	-50.0
1.09496486107	1.36273746183	-46.0
0.992919802152	0.863214615168	-46.0
0.691245113995	-1.66637037126	-44.0
2.32122905179	-0.604655782416	-44.0
3.7007395636	-1.79011888262	40.0
3.52294174581	-0.655175912307	40.0
3.89753295654	-0.970789419104	40.0
0.235225579064	1.43959054086	-34.0
2.42921558777	-0.0767108005211	-28.0
1.61557190759	1.79508794502	-30.0
0.224546870345	-0.4765107723	-44.0
2.79746394147	-1.13136479783	-12.0
2.1545639843	-0.546122096191	-38.0
2.84570267084	-1.92293846358	-12.0
2.5623620169	-1.45760772057	-22.0
3.08198592482	0.145707364812	46.0
2.38371478847	-1.48468325292	-34.0
2.45554719039	-0.0416775510471	-44.0
1.55781800174	-1.9054285859	-44.0
3.40974902345	1.52605298628	48.0
3.00450344322	1.16928040117	50.0
0.614213375321	-0.879010903714	-44.0
3.70742393218	1.93276865817	46.0
3.76390264584	-0.00132918762054	40.0
2.52616985559	-1.87958878369	-30.0
1.53282112634	-1.91434411069	-24.0
2.20486320485	-0.302346774428	-26.0
3.09926246326	1.05033656317	38.0
0.670849845833	-1.36350720783	-44.0
2.16522235187	0.239680256078	-28.0
1.30176706124	-1.15219287593	-32.0
2.48410776616	-0.140191404427	-44.0
2.46900792487	-1.92596595665	-44.0
1.96398600714	-0.608680051903	-26.0
0.573000988454	-0.0782023355881	-44.0
1.780620377	0.694203243208	-34.0
2.64810724985	-1.43183313669	-26.0
0.968399498935	-1.42749820653	-44.0
2.16619845786	-1.74596676563	-38.0
1.08453510911	-0.211586986386	-44.0
0.878464524469	1.50791413282	-46.0
2.30538560232	0.420594194357	-12.0
2.12109916379	0.557651885424	-38.0
1.22098543205	-0.682277427795	-42.0
3.17756631568	1.09950156717	50.0
2.525457804	-0.198765560734	-30.0
0.145493276809	-1.47292418326	-44.0
3.01379945245	-0.228184625362	40.0
2.83901477937	1.78706835074	-2.0
1.0837759262	-1.51764716601	-44.0
1.60122518438	-0.977434289246	-30.0
0.998666735077	0.0830021223584	-44.0
1.56826703756	-0.854125719258	-44.0
2.15232606145	0.536827763412	-36.0
0.87605927389	-0.146048647437	-44.0
0.506026325964	-0.570012369866	-44.0
2.67224584795	-0.115856840569	-26.0
0.82102223515	-1.83433335585	-44.0
2.11871616914	-0.452474905518	-36.0
2.22723084596	1.72861712682	-22.0
2.2512365892	-1.55093664554	-24.0
0.959737583401	1.02199320993	-50.0
0.312112774817	0.577628807791	-34.0
0.748729478219	0.0610155640831	-44.0
1.18555360816	0.583594480638	-32.0
1.59046586812	-0.346862057887	-30.0
0.356183453864	-0.469686774245	-44.0
2.13305355536	-0.18183811557	-36.0
2.37274439719	1.8218293027	-30.0
0.461342523228	-1.7230107507	-44.0
3.43989214942	0.763180552918	36.0
3.35795826426	0.389150333244	46.0
3.13448283193	-0.544225786597	40.0
3.55600234735	-1.45273871093	40.0
2.31544527764	0.861967994264	-46.0
2.8668636881	0.823309778463	-10.0
3.13811773624	-0.0340513373934	40.0
1.51430472746	1.11435191906	-14.0
0.43748947669	-0.314511506497	-44.0
3.94762495887	0.314383305706	38.0
3.03373929897	-0.494041928599	40.0
2.22330139819	1.58604156101	-40.0
3.59739126473	-0.185173281704	40.0
0.287474880889	0.96992134396	-50.0
2.12140767467	-1.06284284303	-36.0
3.17829116673	-0.686287202036	40.0
3.2186869429	1.94407507708	48.0
3.45632529431	-0.669405859955	40.0
2.61391029353	-0.963011907921	-28.0
3.67644031869	-0.23403006958	40.0
2.08837273111	-1.54205667227	-36.0
2.79419595622	0.41585399386	-12.0
2.11859265123	0.596082786892	-38.0
3.90895335586	1.15237741849	48.0
2.58070364251	1.49739370465	-28.0
0.92815026268	-0.29413866518	-44.0
3.83426258607	0.616762527009	40.0
2.40146513956	-0.737632974914	-40.0
0.131507754349	1.89098741377	-46.0
0.940897689842	0.906692982635	-34.0
3.18527484542	0.391907673394	46.0
0.673486258542	-1.30584761073	-44.0
1.44847663362	0.791995099992	-38.0
0.115233003739	-1.35450027514	-44.0
3.76839824287	1.92073701414	38.0
1.49049530825	-0.667014619464	-34.0
2.48005212189	0.035133697222	-44.0
2.28728487247	1.58617339666	-30.0
2.64454589307	1.11622655562	-16.0
1.14369810904	-1.2391814235	-44.0
3.32288687458	-1.7581348095	40.0
0.604047545503	-0.787577627468	-44.0
2.28085130735	-0.217284200795	-42.0
3.66534669557	1.94698887117	48.0
2.41553705344	1.21306307166	-38.0
3.23829139207	-1.70947090357	40.0
0.893519266223	-0.587788292153	-44.0
0.911951599604	-1.11672259652	-44.0
1.36744334708	-0.87875784493	-24.0
2.92030919922	0.808855157244	-16.0
1.20436691083	-1.92486891781	-42.0
1.2841256943	-0.623737428991	-32.0
1.80913769307	-1.17380993297	-42.0
1.52226770262	0.964538009001	-30.0
1.32821276841	1.86527054455	-18.0
3.79505037247	1.35558429516	38.0
2.36700845197	-1.52356309342	-44.0
0.844446285778	-0.0224515310687	-44.0
0.442924468707	1.67629731404	-38.0
3.44116082382	0.738428202377	40.0
1.33251648757	-0.803095831909	-28.0
2.41371262172	-0.924499595272	-44.0
1.28541891066	-0.820121252111	-32.0
3.5574817378	1.62957398711	46.0
2.09071406719	-0.0203899767248	-36.0
3.48995545134	0.453587096405	36.0
0.657856009549	-1.51645703678	-44.0
0.667830227164	1.81004297036	-34.0
1.98923431756	0.507752611529	-18.0
1.6200898755	1.1359726693	-24.0
2.7543393461	0.819851992828	-46.0
0.546868866537	1.69968826123	-36.0
1.34163676913	1.85916697377	-22.0
2.08141750807	0.0476578562521	-36.0
0.554085158108	0.555072488345	-36.0
1.3825348423	1.88811928663	-38.0
3.86127841512	1.74433227165	48.0
0.200504664887	-0.531858964966	-44.0
0.341433230286	-1.34860369825	-44.0
3.68327964067	-0.641885709078	40.0
1.37889092001	-0.0763256863982	-36.0
2.78470177558	-0.587067776138	-20.0
1.05379853866	1.38123016521	-46.0
3.49648254418	1.43780098888	50.0
0.770699482321	-1.08482831831	-44.0
1.78220239305	-1.76986563131	-30.0
2.51208719436	-1.59143691016	-40.0
2.31739570617	0.615831203886	-44.0
2.09909109363	-1.67752169621	-36.0
3.47083928746	-0.663185407805	40.0
3.76518792997	1.59802651737	46.0
3.78364475984	-1.01157140693	40.0
0.907403138375	0.0111849179705	-44.0
2.15781284495	-1.7712295153	-38.0
0.259053623007	1.02701810828	-50.0
1.90246527476	0.701585005186	-28.0
2.39681465628	0.112389981134	-24.0
3.78232234382	-0.37388854747	40.0
3.20559204212	1.94230855004	48.0
2.50925920926	-0.97376602738	-34.0
3.4607349313	-1.72967007907	40.0
0.866532923895	1.67141773397	-38.0
1.83916742273	1.10216968673	-34.0
1.11012573984	1.90617011716	-46.0
2.41180396294	-0.31207778387	-44.0
3.69962167879	-0.521891487948	40.0
2.35531242234	-1.25277297108	-44.0
2.40584113307	0.226823004642	-38.0
2.34080123554	-0.588525986208	-44.0
0.844636462015	0.185628999548	-44.0
3.17369342021	-0.511716137345	40.0
1.94523267749	1.52008130165	-28.0
3.28852971871	1.44418181802	50.0
3.74760809328	-0.856135348632	40.0
0.2855948751	-1.32997598273	-44.0
0.574806238529	0.74075100619	-46.0
0.160475636372	1.17812300929	-34.0
1.05668406478	1.5989506621	-38.0
1.13001585736	1.76460498173	-36.0
1.4551036306	1.14382201158	-34.0
0.462832445245	0.653803232147	-50.0
1.13787821743	1.19315356215	-38.0
3.51012749333	-1.86115687483	40.0
2.66752612179	0.850356200679	-20.0
1.76023168192	-1.23644151941	-24.0
3.04324251912	-1.32707969522	40.0
1.62404064275	1.48304327579	-28.0
3.55077119002	-0.0327502170884	40.0
1.44633487858	-0.621043876375	-42.0
3.10469165832	1.60700823954	50.0
3.5892177987	-0.47645736084	40.0
3.00087725385	-0.213001246017	36.0
2.77368915656	0.961312594291	-26.0
0.681748340065	0.650894913484	-50.0
0.64800899223	0.675118668649	-40.0
2.65954850221	-1.86491194451	-26.0
1.27123709376	-1.46770661687	-32.0
2.36382258583	0.442731301041	-40.0
3.14465236954	0.825425708627	46.0
3.72487395276	-0.0701428864766	40.0
2.19622781968	-0.118677890022	-38.0
2.74751633718	-1.29734703752	-42.0
1.21734816257	0.25742376695	-34.0
1.64234035419	-1.51618548715	-34.0
3.36885296268	-0.0875278516384	40.0
1.57631107101	-1.1010062313	-44.0
2.31506847789	-0.115047628014	-44.0
2.04691399955	0.0292716936137	-44.0
1.34537129123	-1.51249254866	-24.0
1.31045557118	-1.6930870443	-32.0
0.633611169969	-0.959360159223	-44.0
0.662102156751	1.49967321369	-50.0
0.539454016587	1.68562880333	-38.0
3.3367866355	-0.14744320069	40.0
0.839321213368	-0.966306502648	-44.0
3.25880803484	-0.310776869022	40.0
1.23219947341	1.49231864159	-38.0
3.44565430177	1.23940381967	38.0
0.265046598682	0.716265150921	-34.0
3.31458134694	-0.928665610158	40.0
0.373423856538	0.392695977988	-38.0
0.230451628517	0.144334098939	-40.0
0.958869586964	0.682859364512	-48.0
0.173088859681	1.35005478997	-50.0
0.932325938397	1.02475320049	-50.0
1.01331215858	-1.66912694106	-44.0
1.75638894112	0.356374478351	-18.0
3.83800192204	0.712163572632	50.0
1.63952375721	-1.73751991251	-22.0
2.55672510742	-1.58566070184	-34.0
1.3238278049	0.415687098653	-38.0
1.64404243059	1.69531526415	-26.0
3.80704968994	-0.0580434344436	40.0
3.80495901205	-1.66687966046	40.0
0.8475526539	-1.94360484232	-44.0
3.46533442497	1.40537663814	34.0
0.178853552519	-1.92118605444	-44.0
1.35483381959	1.18069986161	-20.0
2.1465567437	1.78992796809	-18.0
0.516817231711	1.25187229236	-36.0
2.75134213286	1.21915360579	-36.0
3.1053472949	-0.232550782546	40.0
3.00517701626	1.59985316883	46.0
0.638727637182	1.25711152759	-36.0
1.29854005866	-0.890731542834	-32.0
3.27958432464	-1.02839451378	40.0
0.912450302532	1.16532306255	-34.0
1.2749237519	-0.481769950532	-32.0
0.17609759711	0.369419727392	-48.0
2.12182550512	-1.87730865483	-36.0
1.58496290486	-0.601800934093	-44.0
0.549957001347	0.0868702708293	-44.0
3.50920887444	1.84290543036	46.0
2.9163704798	0.117166882416	-8.0
3.9491070239	-0.600906054951	40.0
1.50630247259	-1.90712078294	-24.0
0.129340151412	-1.13726773544	-44.0
3.03315721562	1.14137518158	48.0
1.41611437499	-1.72722436801	-42.0
0.854552809042	0.326952410168	-46.0
3.65965967435	-0.506493134569	40.0
1.05229503111	-1.42782815221	-44.0
3.50235943324	-0.0692671404733	40.0
1.41206810798	-0.689671631288	-42.0
2.84605780801	-0.428478198201	-12.0
1.37485209533	0.03022275948	-36.0
0.227760636346	1.1002687642	-34.0
2.82567186751	1.08400172567	-30.0
1.07953357285	-0.753520673704	-44.0
3.24936768445	-1.41507911506	40.0
2.7856313445	1.71544212238	-12.0
1.62441093752	-0.482693670431	-24.0
0.31547892116	-1.45059437352	-44.0
0.492620312999	0.99984188658	-50.0
3.43416106175	1.93671981411	46.0
0.479140564314	-1.27696755684	-44.0
1.96541148927	1.7053489157	-18.0
2.06194451723	-1.10646187898	-22.0
0.298141555641	0.584823279433	-34.0
1.65153566148	-1.088778188	-34.0
0.284821397842	-0.130827808219	-44.0
2.29618107018	0.895059918509	-20.0
3.83621208366	0.0105763833184	40.0
1.53859914817	0.994667853226	-30.0
1.74513228988	0.463833521685	-28.0
3.31266537567	-1.55587132549	40.0
2.04402566092	1.2291761252	-46.0
1.56352611358	-1.42205135976	-44.0
2.8983653252	-1.56528528004	-18.0
3.02789573375	0.793616663531	44.0
3.47997272901	1.34980463691	34.0
1.36212192835	-1.55537374808	-24.0
2.76803744431	-1.61897514868	-32.0
2.06484987267	-0.244209636036	-36.0
1.18745543418	0.772298499353	-46.0
2.29426885746	0.0117214170051	-26.0
0.297091474492	1.61001925232	-34.0
1.1702928029	0.746336561346	-46.0
0.290318586298	-0.685460522585	-44.0
0.179245320201	-1.52276435308	-44.0
0.926791968449	1.66120337749	-38.0
2.74546718064	-0.522807239809	-42.0
3.92413206855	-1.69916909866	40.0
2.07321028158	1.18978281372	-30.0
2.91133022408	0.380072099982	-2.0
0.533619781499	0.181723558513	-44.0
3.51952786003	-0.9547081363	40.0
1.62295958635	-0.957071174677	-24.0
1.72365003467	0.664499907915	-26.0
3.65380879093	-1.2525066135	40.0
3.5579016738	0.724107124717	40.0
2.87650169179	-0.424079858037	-4.0
3.27322403082	0.480185104078	34.0
3.3015574401	-1.61915445472	40.0
0.199678743351	-1.90823221451	-44.0
3.20302222605	-1.57156840101	40.0
1.38930402457	-0.347063471259	-26.0
3.9180075388	1.87866616195	50.0
0.942402611281	-0.506843888812	-44.0
0.838816407019	-1.25223743396	-44.0
2.47945622892	1.72887802543	-36.0
0.713002093889	1.35178477756	-50.0
2.95163311732	-0.450871958847	30.0
1.10311941225	1.10822754722	-34.0
1.34758574552	-0.472517739431	-24.0
3.76414427929	-0.23501274177	40.0
2.00655462336	-1.72136775751	-36.0
1.29014456293	-1.45072570692	-32.0
0.175891173136	-1.42418275508	-44.0
1.2558373234	-1.04241217729	-32.0
2.58939482732	-0.474137697795	-36.0
2.96953284692	-1.27075607027	30.0
3.21285936249	-1.8841464533	40.0
2.38981012371	-0.779612863411	-34.0
0.71709574997	-1.8789432624	-44.0
3.2737429316	0.8499857123	46.0
3.0637767863	1.8599685695	50.0
1.28869072884	-0.878872935148	-32.0
3.50378012444	-0.336170685789	40.0
1.93873702646	0.893150043896	-16.0
0.681077366436	-0.321773448777	-44.0
1.00293887572	-1.28178081707	-44.0
3.69511063444	0.294393329245	48.0
1.28914886339	-1.4687893543	-32.0
2.78724995299	1.79250307975	-10.0
0.299429354124	0.822339195575	-50.0
3.44206925138	0.943726904799	44.0
3.824524862	1.72132008296	48.0
0.763131400283	0.822605587743	-50.0
2.36541602063	-0.507087919507	-44.0
2.04303557669	1.2959686247	-48.0
0.94786400936	1.78192821195	-34.0
2.56495178195	0.296823887324	-14.0
1.80946678692	0.388480345206	-36.0
1.28552821781	1.44435652492	-22.0
1.38772690657	-0.734133428727	-34.0
3.02201031752	-0.939347059887	40.0
0.602503871769	0.304178932658	-34.0
0.613155569931	0.121368740439	-40.0
2.18658863992	-0.911767044982	-38.0
2.35687581319	-1.03439478622	-44.0
1.18204209975	0.257416387275	-34.0
1.83387288068	1.34373664562	-50.0
0.242146122672	-1.18722943264	-44.0
0.182125859688	0.244272273125	-34.0
0.307271139541	-0.638818290047	-44.0
1.86515217887	1.46328528791	-44.0
2.75490591017	-1.04609677718	-42.0
1.98144169505	0.611842394065	-22.0
0.895457807785	1.86680704988	-34.0
3.64719461	-1.4972890464	40.0
3.71441691077	-0.337941177512	40.0
1.01232697494	-1.84708954531	-44.0
2.44885052945	1.62621397518	-26.0
2.58689500391	0.494366574312	-42.0
0.947968956582	0.204015977577	-44.0
1.90914619713	0.332078615062	-40.0
2.12929963961	0.956447615883	-38.0
2.48103540913	0.291382239481	-36.0
1.35294713186	0.310896731428	-14.0
0.282850585663	-1.36713166101	-44.0
2.20531242552	1.42435725834	-32.0
0.747576448858	-0.248360249069	-44.0
0.891504517899	0.782816854397	-40.0
1.0723905876	-1.62116500337	-44.0
0.45777809214	1.90233550272	-46.0
3.88281122978	1.49749147453	34.0
3.02896552484	-1.48780383658	40.0
3.59612949295	-0.241733938614	40.0
3.28252728007	-1.59892321805	40.0
1.24030769247	-0.619997368453	-32.0
1.09289807658	1.03534339218	-38.0
2.08601585161	-0.853786971175	-36.0
1.90681751291	0.772765405411	-36.0
1.55812191329	0.709017662518	-34.0
1.69829226635	-1.9245632876	-44.0
3.74175612915	1.2896646298	38.0
3.44810741577	1.41231371938	34.0
2.10682569513	0.605540938247	-32.0
0.567275510293	0.823511273092	-50.0
3.11590348463	-0.0419152016526	40.0
3.53207938192	-1.34442545701	40.0
3.02129841154	-1.19822883121	40.0
2.76229971534	1.8164473446	-22.0
0.373907061562	1.58293061351	-34.0
0.435537743072	0.0284801446642	-44.0
1.46286070267	-1.04763219597	-30.0
3.06875740875	0.240072503396	50.0
1.21855951383	-1.59684002142	-42.0
2.11844946613	-0.611786094102	-36.0
3.02495883925	-1.64149321452	40.0
2.17086325163	0.71661799907	-28.0
3.02717242205	-0.291151447338	40.0
1.05348418981	-1.20237680927	-44.0
1.32774025912	-0.395658786471	-28.0
1.38642420975	-0.954310230892	-34.0
2.36280993243	0.583918721704	-34.0
1.9252759036	-0.77586876246	-28.0
2.49816818303	1.52491756333	-36.0
3.46617751256	1.29192640861	36.0
3.12727329376	0.119492378385	44.0
0.139345612773	-0.410661374952	-44.0
3.48644901459	-1.88001813744	40.0
0.531367377566	-1.20405106434	-44.0
2.56887015043	-0.0876936963653	-22.0
0.965592379057	0.104164382659	-44.0
2.72352352596	0.95242816983	-32.0
3.25034086617	1.63956020837	40.0
3.40301542773	0.0981577753093	40.0
0.776758946306	0.177700171779	-34.0
3.54311638531	0.193835367752	40.0
1.31595012429	0.260636612399	-30.0
1.99826219108	-1.0691380303	-22.0
3.93935409327	1.9175540665	38.0
3.29870011553	1.05889615148	48.0
3.20815904458	0.535584849502	42.0
0.64471126803	1.60460109164	-34.0
1.1382673667	1.91938109333	-46.0
1.86619895745	0.528840799101	-42.0
2.64286083971	-1.7390394578	-36.0
0.265223467075	-0.868045500513	-44.0
0.385848003963	0.515569052349	-44.0
1.43745333806	0.24979430432	-32.0
0.112722588399	-1.65782090557	-44.0
2.99064684373	-1.75337601529	34.0
2.08342664629	-1.26685221567	-36.0
3.03726834428	0.373278262009	36.0
3.54881979442	1.25303629265	48.0
2.67381116315	0.473752256337	-32.0
3.90639626615	0.306299542302	50.0
1.98599844621	0.631961835398	-28.0
3.21636595621	-1.375505151	40.0
0.509792828663	1.87723922698	-34.0
3.28005672454	0.868528592465	38.0
0.796167665324	-1.67130465085	-44.0
0.427567618604	1.13423652725	-36.0
1.28755116518	0.636267175527	-38.0
3.16155700196	0.457288265808	36.0
2.26519257133	1.30769475046	-46.0
1.85298336001	-1.24946379814	-44.0
0.13951670377	1.59471400273	-38.0
2.63976965123	-0.494842327376	-36.0
2.48277922284	-1.3149908876	-44.0
0.641029866409	-1.43512370235	-44.0
3.79328829988	0.432315135486	50.0
1.33269513528	-0.832677998732	-28.0
0.489306153723	0.79753926033	-40.0
3.43093147678	-1.90948036457	40.0
2.70214776295	-1.2832146511	-22.0
2.29218757311	1.00430225688	-32.0
0.714220380421	-0.00294541044689	-44.0
0.366928585835	-1.46732670782	-44.0
2.63831104335	-0.0585159693796	-36.0
2.01402642173	-0.549207727519	-40.0
0.673721580375	0.78220276108	-40.0
0.150044519492	-1.2878184205	-44.0
0.739607644862	1.66117973228	-38.0
2.82702556991	-1.32514683903	-26.0
1.33652198879	0.743965007006	-30.0
1.84011357536	-1.85315528511	-44.0
1.4068033418	1.10529284615	-28.0
1.69351550211	0.949658705393	-40.0
1.74536975694	0.719969514373	-14.0
3.58579669888	1.08055550761	40.0
1.87739319065	-0.237691088022	-44.0
0.117810318127	1.39444096427	-38.0
1.75825800784	0.826404262209	-18.0
1.48618010345	1.09761075098	-24.0
2.42943293544	0.163648385983	-18.0
2.47571106898	-1.41357434604	-44.0
2.72493090596	-0.0651295746448	-42.0
2.92766824272	-0.485095516879	-12.0
2.00850183668	0.8748591835	-30.0
3.90236865317	1.29508459569	36.0
3.93602310361	1.8418485726	46.0
2.44684329438	-0.975755433187	-32.0
3.79142935635	1.77358656097	50.0
2.64786959574	-0.355303724463	-26.0
0.462085028242	-1.5422319136	-44.0
3.80072238445	1.66485999659	46.0
3.37237320292	-1.89273296121	40.0
1.96731204734	0.24680870893	-16.0
2.83828166593	-0.734550102366	-12.0
2.57506196441	-0.304203125141	-22.0
2.53385333414	-1.00717445351	-30.0
3.03914623105	-0.0777028370015	40.0
1.41856805179	-1.43329562131	-42.0
2.53426111496	-0.164276222676	-30.0
0.231794905917	0.0471003959701	-44.0
0.110109920611	-1.88519252162	-44.0
2.38521889234	0.822982708766	-40.0
0.997410114672	1.05026418827	-46.0
1.03358373212	0.655317000958	-50.0
0.656291949573	0.106526266866	-44.0
0.908765735808	0.0290280280462	-44.0
2.03838867869	0.111471127113	-44.0
3.23580188545	1.08511046783	36.0
2.4253537492	1.68340373607	-22.0
2.62064989745	-1.60116258541	-28.0
0.381530499784	1.14426715385	-36.0
1.73284560894	-1.03024177973	-42.0
3.00061296523	0.250048929827	46.0
2.64499475926	-1.39007223922	-26.0
2.49256947487	0.170347960095	-34.0
3.6948563158	-1.949172569	40.0
0.421693619056	0.585581874703	-34.0
1.86501323193	-0.58239923867	-44.0
2.00616144593	-1.00423823853	-36.0
1.27392863736	-1.63350901007	-32.0
3.57145690062	0.263775294929	48.0
0.602502701956	-0.00630512739104	-44.0
1.96991352852	-0.28214429408	-26.0
1.62991656243	-0.203197149422	-24.0
3.00144591308	-0.2052169578	36.0
0.106529199623	-0.973699198072	-44.0
1.97904389054	0.483933446718	-30.0
1.17255810911	-0.666496921685	-28.0
0.535148800988	1.04925421797	-34.0
1.91206728229	0.407051708512	-38.0
2.22382497473	0.740356797611	-38.0
2.0994483811	-1.38556818643	-36.0
1.54831058678	-1.15247868482	-40.0
0.219726057624	-1.07061464133	-44.0
1.0450342769	-1.25123413634	-44.0
3.28174922078	0.397859440229	40.0
2.82331188214	0.11944717858	-22.0
1.55504808874	-0.0301548894979	-44.0
1.37646465095	0.549589049718	-28.0
3.66715524362	0.54771731319	48.0
2.49825842786	0.90504154779	-34.0
2.34786598982	1.51043969008	-46.0
2.58906897789	-0.927063968556	-36.0
0.540226624877	1.64337354604	-48.0
0.220554341734	-0.564414501504	-44.0
2.26859919103	-0.117482688244	-42.0
2.11262053323	-0.164662523733	-36.0
2.90067532703	0.666837840813	-4.0
3.92575976874	1.83366960328	34.0
1.8606612396	-1.65245168154	-44.0
3.49646807012	-1.14175782435	40.0
3.8088595638	1.65686906436	46.0
1.60598549236	-1.83103852529	-30.0
2.61781696956	1.13999561182	-20.0
3.78192526609	0.216531720479	46.0
2.62038552688	-1.07972537197	-28.0
2.02873479858	0.494769125231	-48.0
1.43765082789	0.324806265597	-44.0
0.693927878858	-1.63991480697	-44.0
2.36145555563	-0.535678694869	-44.0
0.920012157629	-1.67686926449	-44.0
1.93733515947	0.876512508459	-16.0
1.05559481689	-1.21768035546	-44.0
0.299646422037	-0.248956105971	-44.0
0.985542472193	-0.234888700164	-44.0
2.96840090684	-1.11269400266	30.0
2.45797596505	-0.65397416402	-44.0
0.521018990939	1.23694606672	-46.0
0.374970003636	0.488646125828	-50.0
3.09237055339	-1.89954800765	40.0
1.06489105186	1.86140230525	-34.0
2.69048281444	-0.768135955379	-26.0
2.30248683552	-0.960916030188	-22.0
0.317959852982	-1.2093601365	-44.0
1.60387559389	1.6466202406	-34.0
0.891872149874	-1.72117335592	-44.0
1.51387704804	1.31509276854	-26.0
3.91008151479	-1.16735994653	40.0
2.87107975807	1.89480811257	-6.0
3.84575900801	-1.61127375744	40.0
0.381858693348	-0.113767554821	-44.0
2.68038616607	-1.49896267321	-26.0
0.205512869135	-1.23910498883	-44.0
3.33180354957	-1.26755740383	40.0
1.37497708455	-0.398199760751	-36.0
2.67008336102	-0.27870497328	-26.0
2.38309124388	-1.19130425184	-34.0
1.53892303308	-0.418052240859	-24.0
2.0647098271	1.24778945972	-24.0
0.432784548846	-1.15099268076	-44.0
3.02184628244	1.46874268596	36.0
3.5150154153	1.73645525246	48.0
3.18824257943	1.48168929203	36.0
0.660707739107	1.83323736569	-50.0
1.73226018249	-1.32546361849	-42.0
0.681467815266	0.203958001331	-44.0
0.822990753411	-0.787998928619	-44.0
2.91155632745	1.79786972591	12.0
2.53154306387	-1.12891582845	-30.0
0.607792516584	-1.80671029964	-44.0
1.44983765004	-1.22824010401	-42.0
0.20174480102	0.638063319499	-50.0
1.9893360381	1.30426822585	-26.0
0.334555979388	-0.631342028957	-44.0
1.67736300236	-0.726109359944	-44.0
2.26141057285	-0.177282967125	-42.0
2.9998922677	0.747317151596	34.0
2.86074320559	-0.0664282827334	-4.0
1.90405669576	0.00614737008289	-32.0
1.56609911787	1.60198521265	-38.0
2.59060506081	1.35795555543	-38.0
2.57556452771	-1.35351144073	-22.0
0.545259184054	-0.728969125489	-44.0
1.39020919087	0.883641005129	-20.0
2.99095518932	-0.187347781391	34.0
2.94916512687	1.24289671735	28.0
3.79930232029	0.499632381525	34.0
0.286198165358	-1.53026613108	-44.0
3.050732478	-0.733412665706	40.0
3.55141879817	1.26775498395	46.0
0.864026884791	1.47922939966	-48.0
1.05142865243	1.20988171943	-38.0
3.676483612	-1.28706444644	40.0
1.5508863755	0.58101955844	-30.0
1.92888676403	-1.53052670587	-22.0
2.7634510311	-0.851079581672	-32.0
2.63579570552	1.29943736727	-40.0
2.45217970364	-1.69492459925	-32.0
2.28486403818	1.77333264369	-16.0
1.41075155998	1.25722750367	-34.0
0.395886663365	0.24480106144	-34.0
3.75474562408	0.000811809105454	40.0
1.42722262671	0.0175780210232	-42.0
2.14551892243	1.66998233229	-22.0
1.03551934145	0.594255851493	-34.0
2.34661111238	-1.00004238431	-44.0
0.807878894023	-1.75974566175	-44.0
2.13280395217	0.614941728604	-36.0
1.37040467395	-1.29346555673	-24.0
0.737017027802	-1.77111817365	-44.0
0.982175811526	0.299573384174	-34.0
1.66169513812	-1.31296693238	-44.0
1.52053580838	0.398645269477	-24.0
3.80708755574	1.91573341762	38.0
0.369298106663	-1.04588208411	-44.0
1.16109429898	1.2088041182	-38.0
3.85684481268	-1.94952004929	40.0
1.9186872147	-0.0975483236431	-38.0
0.597909639921	-0.520839306163	-44.0
1.96563878241	1.18434974876	-20.0
2.72763179319	-1.86827666318	-42.0
0.613268064248	0.535552759956	-42.0
1.69809609603	-1.65959560784	-44.0
3.43372629129	-0.572450793633	40.0
3.43241947888	-0.656253012833	40.0
2.7774047992	0.566654235461	-22.0
2.26316828941	1.66504210781	-36.0
2.36801491556	-0.344482678032	-24.0
2.10834920437	1.47500721708	-40.0
1.87555272676	-0.25204438917	-44.0
2.38632658062	-1.65764875039	-34.0
0.23781200512	-0.803016424643	-44.0
3.01401536198	1.04506710806	50.0
0.445114551651	-0.75888524104	-44.0
0.888402464928	-1.90377982514	-44.0
2.59265053097	0.803805633491	-38.0
3.10336412195	1.35495750431	46.0
2.69930129479	0.724464351471	-26.0
3.236320358	-1.93662988985	40.0
3.48945862478	-0.204868848898	40.0
3.25896655408	1.28068005648	36.0
3.45744646433	-0.877201182752	40.0
0.443072146776	-1.93275057136	-44.0
3.69718685741	0.902966343022	50.0
3.26156720818	-1.39901500968	40.0
2.80071613252	0.772841701646	-16.0
1.53346362432	0.269203654427	-16.0
1.53035948755	0.466204147831	-28.0
2.77672379849	-0.506310309731	-20.0
1.55994543519	-0.587929004481	-44.0
3.06110193567	-1.52178289756	40.0
2.66862627421	1.58756042316	-30.0
3.168146782	-1.14117168175	40.0
2.27050184403	0.388289657036	-36.0
2.18307948099	-0.633675579567	-38.0
0.674613463846	-0.915661862776	-44.0
2.67630398993	0.17135837711	-16.0
1.31770678843	1.35625086005	-40.0
1.60153336391	-1.09933787139	-30.0
0.437360813073	-1.4768981341	-44.0
1.14842931852	1.28908687933	-46.0
2.64690443895	1.72114605619	-18.0
3.75632682467	-0.260946128638	40.0
2.08285877684	-1.72662365452	-36.0
3.45006900147	-0.694773883077	40.0
2.00233728383	0.398040238851	-22.0
2.39449887971	-0.767294976549	-34.0
2.85864727583	1.08500979344	-8.0
3.91106556779	-0.0576827038415	40.0
2.15079149031	0.699943469542	-34.0
0.421476454763	-1.52826213747	-44.0
1.73932408503	-0.717603371275	-42.0
3.40560925962	0.0784038553373	40.0
2.41548791118	-1.15471440031	-44.0
3.03237730234	-0.947254785881	40.0
2.74766672712	0.519856549721	-42.0
2.17194099015	0.922662737566	-34.0
3.64371701579	1.55504595441	50.0
2.79800207746	0.907982325988	-2.0
2.87391574693	0.643715236643	-10.0
1.34605268798	0.0560041101098	-24.0
1.77785853568	-1.70666011846	-30.0
2.98782272649	-1.64817040957	34.0
0.720508894765	1.22227364795	-38.0
3.34118101923	-1.04583748062	40.0
0.598896671747	-1.61799101193	-44.0
0.882114399665	-0.720974150268	-44.0
0.197599380885	1.04883405583	-34.0
1.14143265075	-0.804349388671	-44.0
1.18173375886	0.214556735646	-36.0
1.96837033491	0.969750114251	-32.0
3.78496584114	-1.48277752708	40.0
3.15772973824	-1.80255735441	40.0
3.87308743966	0.0303217223437	40.0
0.744066039639	-1.7560422916	-44.0
1.13276501599	-1.74249668463	-44.0
3.15115062862	-1.20367401804	40.0
1.65883242157	-1.56801294729	-34.0
3.17244601032	-0.583846608479	40.0
3.59397683936	-1.18828701728	40.0
2.23064638038	-1.32087762014	-30.0
0.918766946253	0.614363550059	-44.0
3.80347882179	0.970348156437	34.0
3.88475727775	0.434000595822	50.0
2.3483375769	1.13682763618	-36.0
1.55358111378	1.11606112004	-34.0
1.23867772318	0.202007669857	-32.0
3.63726176054	0.515101495604	40.0
0.534156417996	-1.28406912842	-44.0
0.755873424129	1.15546473614	-34.0
1.1355247344	-1.6596652039	-44.0
3.31093016021	-1.46130949954	40.0
3.2903411111	0.337857100392	38.0
2.01903263185	-1.55086458157	-40.0
0.503685333465	-0.0571864223677	-44.0
3.4492063051	-1.58352358239	40.0
2.76206773927	-1.43997247496	-22.0
2.81348289705	-0.148386039837	-12.0
2.07122179055	1.48801863946	-42.0
0.24426973351	1.39045555773	-38.0
1.58153104931	-1.4347548157	-44.0
2.66190847097	-0.881290119645	-26.0
1.70654738343	-0.291337190761	-44.0
3.200303403	0.827530762883	46.0
0.587965038733	1.03506988631	-38.0
2.12087300004	0.946082503666	-32.0
1.44766619954	1.93625511644	-36.0
2.11069068418	1.09208687389	-40.0
0.209258458532	-1.0039683646	-44.0
2.85160450059	-0.249428366199	-12.0
1.99091974189	-1.22410777329	-22.0
1.0339631936	-1.67940162276	-44.0
3.64347676422	-0.85570545867	40.0
3.92013320993	1.57996138454	50.0
2.65923117381	0.423749783014	-16.0
2.3083232071	-1.01932043821	-38.0
1.29377953905	-0.237771109846	-32.0
1.90714256135	0.147916530734	-26.0
3.47267621691	-0.161390176915	40.0
2.61057905916	1.93804845639	-28.0
0.413679044164	-0.349931584478	-44.0
2.33032012775	1.08600419034	-48.0
1.31247055151	-0.683636340913	-32.0
0.807041115414	-1.40157074342	-44.0
0.776764874135	-1.02297385954	-44.0
1.06657896463	0.816027237947	-48.0
2.16051248903	1.17630816181	-28.0
1.77272056706	-0.554908177879	-44.0
0.915777837284	1.5181134459	-50.0
0.271874329322	-0.690937328715	-44.0
0.66520863737	0.397505287739	-44.0
3.65772465304	-0.363670736287	40.0
3.83651794724	-0.323916867488	40.0
3.7829816679	-0.179743266487	40.0
0.403529171475	0.859422344568	-38.0
0.860937640297	0.923841487576	-40.0
2.40587363639	-1.44576372104	-44.0
0.450218161393	0.670863724296	-42.0
1.7560165666	-0.95156924464	-24.0
1.62278973154	-0.743036363953	-24.0
1.39960324831	0.078933665717	-28.0
0.984997382556	1.933353856	-38.0
0.334640325304	-0.570281201774	-44.0
1.18831169698	-0.253174546487	-42.0
1.45182674183	1.27256142202	-40.0
2.03230210648	-0.60797749567	-42.0
3.53612938402	-0.0365136532009	40.0
3.83225136105	0.827690636364	46.0
3.49442731583	0.339195262445	38.0
1.70055221133	0.518624608774	-44.0
1.72994089391	-0.780206619023	-42.0
3.05444674753	1.29122424006	36.0
3.25331040011	-0.88158731206	40.0
3.20643073331	-0.21892260356	40.0
1.7302460546	0.925942781821	-38.0
3.83949676625	0.826844330182	46.0
1.97463090301	1.42229190419	-32.0
0.914104325996	0.828227745612	-38.0
1.42375492689	-1.34738340436	-42.0
2.79644584855	1.65351421846	-16.0
3.09701322828	1.56023797749	40.0
1.46914061535	-1.80638265077	-30.0
3.39834794334	-0.623771467875	40.0
2.94297768651	-0.165686817562	24.0
0.671431813962	1.08010368272	-44.0
1.31547983129	-1.52393788789	-38.0
3.89156897589	-0.697871344742	40.0
3.89573468524	-1.22192068971	40.0
1.25450841803	1.83903530687	-38.0
3.53772844058	0.634947933988	34.0
2.61712118451	-0.567992601494	-28.0
2.77995106343	0.0826162009237	-20.0
1.07048595483	-0.578037432112	-44.0
0.793310466175	0.730255929453	-36.0
0.824319773315	1.43993822725	-34.0
1.46680926951	0.883145616357	-24.0
3.34996374453	1.41468852392	34.0
3.77889351555	1.4650154262	40.0
1.65374578186	-1.05408547973	-34.0
1.91698727947	-0.193277676494	-38.0
1.94452313579	-1.25998788527	-22.0
1.56429842351	-0.518055617597	-44.0
1.7410940025	-1.03120650126	-42.0
2.52087373583	-1.6439411801	-30.0
3.45520707388	-0.855342690213	40.0
2.01493064964	-1.50847951329	-40.0
2.65607955417	0.281036164741	-22.0
0.650677994802	-1.64158120967	-44.0
2.04087334003	0.112367276695	-44.0
3.00156094618	0.941079100789	40.0
0.782493055561	-0.77805306076	-44.0
1.21437070931	1.11090253958	-32.0
1.02833878461	0.18572376181	-44.0
0.939344288975	0.643006564616	-50.0
3.07663683282	1.77288386742	50.0
3.14813228457	-0.576162681477	40.0
2.59024790455	-1.70936543156	-36.0
0.475550619799	0.728535259399	-44.0
3.6314639614	-0.381551465097	40.0
0.792959276153	-1.68679556169	-44.0
0.369374634505	1.5763518688	-40.0
1.74125649354	-0.329479403887	-42.0
2.18380238703	1.2231190627	-32.0
1.99508534555	-0.397706183153	-22.0
1.42524030196	1.55787655199	-32.0
1.14204602871	0.805994370259	-48.0
1.87721775085	0.424548406319	-34.0
3.61422595766	0.594763861827	50.0
2.62214881537	1.76664153668	-18.0
3.93095228993	0.591290148687	50.0
2.81325564432	-1.09739183722	-12.0
0.833734054599	-0.840040540859	-44.0
2.58476129974	0.444487456669	-18.0
3.4566682906	-0.859073830993	40.0
0.997271516814	-0.931794349713	-44.0
2.30712444954	1.70516140424	-14.0
3.71456045682	-1.34396437898	40.0
0.708554849106	-1.0146359722	-44.0
3.17660082162	0.0342186205636	40.0
3.85712480866	-1.58155363266	40.0
1.36381568733	1.93310724663	-18.0
2.00412343794	-0.146814471859	-36.0
1.86040923057	1.88888803593	-46.0
1.40541875767	0.70354385531	-34.0
1.52856428792	1.12155786528	-14.0
0.301619009969	-1.51750181366	-44.0
2.97584966359	-0.690500346037	30.0
1.98157035437	-1.62527692911	-22.0
1.64013296984	-1.27535077049	-22.0
1.34650020691	-0.440188154721	-24.0
3.06832621898	-0.244757206994	40.0
2.76044477754	1.91761954877	-24.0
0.508779695922	-0.0494618691425	-44.0
3.22430177384	-1.67595502549	40.0
2.5224590474	1.50112241968	-26.0
3.31377155214	-0.577206690283	40.0
0.730376291148	0.155999209646	-34.0
3.01315387879	-0.863190156591	40.0
3.23790893105	0.964231800942	34.0
1.86368263077	0.000902700169483	-44.0
0.726534941565	1.82583594548	-50.0
0.456222742988	1.62256149705	-46.0
0.523560315218	1.03845386777	-38.0
1.98522791793	1.75146630251	-22.0
1.71741476429	-1.14382682077	-44.0
2.62154418184	1.23671060586	-30.0
3.33708602787	-0.874816318535	40.0
0.257806309184	-0.201014195141	-44.0
3.84427611721	0.845356143986	46.0
1.99251236266	0.174414509777	-12.0
1.20960400266	-1.30319746299	-42.0
2.62820400574	0.0254582716265	-26.0
3.77490562017	0.508103340706	44.0
3.50180361497	1.35716592568	38.0
1.45808914347	1.00300928686	-36.0
1.73357496275	1.52463651399	-34.0
0.968906746939	0.294512874439	-36.0
0.631279950604	-1.55810338133	-44.0
1.79800140735	0.701975289317	-38.0
1.6795193149	-0.684868346591	-44.0
3.85826563344	0.658325125968	34.0
1.07118214738	0.655465008618	-50.0
0.885781808973	-0.240102808489	-44.0
3.35280256529	-1.91922754655	40.0
2.38591818699	1.70916359618	-26.0
1.20487360521	1.2888164577	-46.0
0.626498452789	1.14858636741	-36.0
0.721247740089	-1.81649708218	-44.0
1.08172154466	1.0094369779	-50.0
3.6271786727	-0.781143544011	40.0
0.17945340301	0.724323146176	-44.0
3.85600466869	-0.963051947379	40.0
1.54416105415	1.00659684954	-30.0
1.58559050845	-0.542763683972	-44.0
3.14291273948	1.01103342591	34.0
0.369289247059	-0.811437519585	-44.0
3.35985494194	-1.85662674546	40.0
2.99118973844	0.573835736244	44.0
2.51729560649	-1.14300199841	-30.0
3.06871344452	-0.641382660696	40.0
3.92561911949	-1.24179966535	40.0
2.26685090439	-1.46526357584	-42.0
2.31603656444	0.731729455034	-36.0
0.618181846636	0.0807611223099	-44.0
2.40100938906	-1.38566066898	-40.0
3.62909590147	0.483763028794	34.0
2.98196891623	1.08130911758	34.0
1.8361680237	-1.71490169543	-44.0
1.36468338976	-1.83766187421	-24.0
2.26776415071	-0.749101552159	-42.0
1.81549048007	0.0491586961908	-42.0
3.51427737806	-1.51766474803	40.0
2.81262956185	-1.27901409673	-12.0
1.16940772023	0.848476649232	-38.0
0.730676930059	0.759457640614	-48.0
0.938380652515	0.169935045668	-34.0
3.94169200739	-0.889724452779	40.0
3.85572508794	0.848886051118	46.0
3.03598647526	-0.618711210544	40.0
1.63948480752	1.39883824531	-24.0
0.496620659523	-0.32580233268	-44.0
3.1406475148	0.0813064601618	40.0
0.687008326156	-1.31726621458	-44.0
1.32656020124	-0.609830549879	-28.0
1.67582283562	-0.447693443739	-44.0
2.09119065987	1.68820385389	-30.0
0.220793608638	0.163188024082	-34.0
2.04945907222	-0.417894439651	-44.0
0.135678570057	1.87307029953	-34.0
3.55731540194	0.894689747382	46.0
1.69811264555	-1.77281884707	-44.0
3.38164823077	1.18129307177	44.0
2.09743198196	-1.11023126195	-36.0
3.76147080168	-1.40963246562	40.0
2.57880658555	-0.365795145132	-22.0
0.195927376078	0.185272527455	-44.0
1.21608105082	1.72393074231	-34.0
3.02655771884	-1.85423758308	40.0
0.707211903102	0.316115263235	-46.0
2.3571674363	1.06878382924	-34.0
1.02704912907	0.0979861251321	-44.0
2.23271908803	-0.632240744161	-30.0
3.50923823028	-1.21648653146	40.0
2.37259456535	-1.42230931981	-24.0
2.90690932516	-0.944268202625	2.0
2.40471359579	-1.76397214344	-44.0
0.512101592873	-1.20409179478	-44.0
2.20721165329	0.15262946065	-30.0
1.99684527099	-1.36962922498	-22.0
1.34705155324	-1.79741203679	-24.0
0.36906205591	-1.81445992198	-44.0
2.26949180083	0.12689324181	-38.0
2.35897064654	-0.988522615408	-44.0
2.99856505231	1.06865534239	44.0
2.20000909082	1.32112042735	-40.0
0.911009932594	-0.285655562019	-44.0
0.564874505342	0.747618421359	-46.0
3.52598407278	-1.34924007673	40.0
1.80934507044	1.91383299672	-44.0
2.25285115708	0.0888876918543	-24.0
3.09910835378	1.5060572793	38.0
0.517769201492	0.530046872057	-42.0
1.3853522188	-1.10286358814	-44.0
0.10980729083	-1.92423560516	-44.0
2.09141345991	-0.582917396253	-36.0
1.09661650138	1.27696068287	-36.0
1.15267105774	1.04674676758	-34.0
0.452792756303	0.799910649358	-40.0
3.39500852515	-0.331222513151	40.0
3.89272771819	0.2609912326	48.0
1.62233286808	0.71673340583	-14.0
0.866790104124	-1.23973455224	-44.0
3.2251692507	0.759274196235	36.0
0.414953835719	0.635632484872	-50.0
2.066565261	-1.29339968536	-36.0
0.300038964552	-0.398832333513	-44.0
0.378547739176	0.330591972716	-46.0
0.419526655957	0.748086334303	-46.0
0.519014150886	-1.64230317127	-44.0
3.74210707813	-0.0572219392184	40.0
0.209533903778	0.488036515705	-50.0
1.04812212361	-0.451127664638	-44.0
1.24888483655	-1.39064783667	-32.0
0.604429010907	-1.68757354461	-44.0
3.18970211627	-0.170817741074	40.0
2.41452434954	-0.649606412941	-44.0
0.930750091891	0.2409186014	-34.0
3.4704558951	-0.156179404358	40.0
3.28886993602	0.43993404641	50.0
2.82084989076	-1.47203295671	-26.0
1.25345510084	0.711324223506	-22.0
2.99834087611	0.178139992232	44.0
2.88155444745	-0.144589438214	-4.0
0.268347777196	-1.75314277515	-44.0
2.64871798091	1.41797262565	-32.0
1.99206846503	-0.285597437179	-22.0
3.15037462701	-0.426420788022	40.0
1.93215468339	-1.30116928233	-22.0
2.24372928137	-1.75234854809	-30.0
2.72307433402	1.72427775233	-28.0
2.64994709426	-1.50057358474	-26.0
0.695109675661	-0.804834816077	-44.0
3.66809798058	1.20137169203	46.0
2.31458521891	0.248018906997	-34.0
2.22876000911	1.71535895395	-22.0
2.6352185857	-0.689750555766	-36.0
0.23943462107	1.84120604587	-38.0
1.88638454811	0.355063112843	-38.0
2.8744618808	-1.90432489964	-4.0
3.29655250507	0.496964082518	34.0
3.93784655554	-1.7332043881	40.0
1.34071315411	1.89181146029	-30.0
3.09926161033	0.861184301819	38.0
2.93369683211	-1.53129939458	24.0
3.47006855911	1.43365884846	50.0
0.336125119964	1.07361880198	-40.0
0.488371544931	1.05766129365	-46.0
3.10655553951	-1.82032714185	40.0
1.65314102695	-1.1860451562	-34.0
2.39720896405	0.609082047897	-24.0
2.02732892456	-0.953835179994	-40.0
0.988067970453	-0.978629408152	-44.0
1.74168816311	-0.784617745205	-42.0
0.403707692993	-1.17504346429	-44.0
0.77951803389	-1.63101171966	-44.0
2.56587187265	-1.06364876642	-22.0
3.75328330011	-1.37146428127	40.0
1.64250501193	-0.352702553981	-34.0
2.38932375711	-0.299311336242	-34.0
3.5778708155	-1.91508119049	40.0
2.70167733511	1.71079222598	-18.0
2.54746374675	0.288475871139	-22.0
2.06219812369	-0.454749236197	-22.0
3.44403632559	0.445816689716	44.0
2.7991076312	1.77452005245	-2.0
0.979144422421	0.887782103072	-38.0
0.866321869018	-0.22815179886	-44.0
1.40511218008	0.659082308401	-44.0
3.88217771892	0.661983936778	42.0
0.640076325001	-0.152932602973	-44.0
0.187538311341	-0.527057555944	-44.0
1.38231953153	1.66586057271	-30.0
1.3250865281	0.524814101584	-34.0
2.91039499582	-1.13058080431	2.0
1.57893821056	-1.49258069397	-44.0
0.596804855343	0.71705385254	-34.0
2.8383621681	-0.372184482768	-12.0
0.124847638721	-0.595726308628	-44.0
2.30968530734	0.126561119691	-36.0
0.97859582998	1.872787007	-34.0
1.02349485775	-0.130502306273	-44.0
2.53934002257	1.92909172574	-24.0
3.3292979444	-0.00150843994395	40.0
0.861429100824	-1.7953436602	-44.0
2.31835275813	-1.03982249784	-44.0
1.76337052851	-1.6410241711	-24.0
3.50186039376	-0.118024345586	40.0
2.18178272332	-1.49786399794	-38.0
3.22873609403	-0.106505222289	40.0
2.51209376304	0.286003308837	-36.0
2.17273608095	0.435181827595	-28.0
0.709227009257	1.13300075526	-36.0
0.661715472226	0.465194956629	-48.0
1.3444922357	0.761257470627	-28.0
2.45475608259	-0.551391102582	-44.0
0.701451201424	-0.945081795215	-44.0
1.90426063936	-1.0439790713	-32.0
0.314772968758	0.0932842100622	-44.0
3.64122621444	-0.172979775907	40.0
1.90692041732	-0.429996872094	-32.0
3.89011822609	-1.71678975468	40.0
3.13014693953	-0.459901328532	40.0
2.4373983022	0.194131448503	-32.0
2.16381747703	-0.739686350023	-38.0
3.52864649004	-1.19634175151	40.0
0.881262455343	0.912997844437	-34.0
0.704342241963	1.08801382542	-48.0
0.222656971075	-0.3037436737	-44.0
0.693651146871	0.0299283624707	-44.0
0.774774741084	-0.383807720283	-44.0
3.70440247087	-0.813652408619	40.0
0.654163761069	1.61189574523	-34.0
3.65931968075	-1.26089559613	40.0
0.246037456434	-0.451668657253	-44.0
3.02995271384	0.0354260502368	40.0
2.01962520766	0.622502106987	-44.0
0.702853946681	0.810001191968	-48.0
2.2798999172	1.30433274532	-46.0
3.15648160666	-1.8519564261	40.0
1.82263599346	-0.794399387661	-42.0
0.263197263082	1.19715342013	-34.0
2.71246466678	-0.109329083324	-36.0
0.954601169772	-0.78153686633	-44.0
2.16733012647	-0.958982402214	-38.0
1.07402338392	0.983206137473	-50.0
1.09741150554	-1.90418446588	-44.0
1.86495380823	-1.07623559064	-44.0
3.39950577039	0.557194909495	38.0
0.631066395076	1.13099394948	-36.0
2.29241195319	-1.47338550097	-26.0
2.33838993147	-0.842537892885	-44.0
3.67906872446	-0.502576422208	40.0
0.219732253738	1.59810192662	-38.0
0.740379560017	-0.31080236262	-44.0
1.45261577067	0.0366364233025	-42.0
0.210138166228	-1.08723185346	-44.0
2.74646683024	0.724592226466	-42.0
2.05766131566	-1.85995419509	-28.0
2.83353725075	-1.56932089937	-12.0
0.953002802536	0.132277156666	-40.0
2.48459417485	-0.259976470125	-44.0
2.18725550312	1.59886958698	-32.0
0.384912295057	-1.25309674767	-44.0
3.08966506151	0.529444395372	42.0
0.647109246304	0.491658879215	-50.0
0.460255310872	1.07343248425	-40.0
3.14678243904	-0.863381763618	40.0
2.31137364835	1.66374133405	-38.0
1.41359969747	0.26813125079	-34.0
2.96720972066	1.22556016396	36.0
3.58562692208	1.4971993265	34.0
3.15690648087	1.81200769417	50.0
3.8063691345	-0.819537324591	40.0
3.4984876415	-1.40415333478	40.0
3.12572139842	-1.70568728314	40.0
0.100783356536	-0.75638846181	-44.0
1.00609690357	-0.139173771538	-44.0
1.13971999024	-1.70047810026	-44.0
3.29813076463	1.53487765118	48.0
0.435432139726	1.07008924236	-34.0
3.19666842998	1.73768006581	48.0
0.752948291864	1.59742107966	-38.0
3.53389256376	0.808708187222	36.0
1.83752399491	-1.94743619824	-44.0
0.28354592547	-1.11781556571	-44.0
1.93236511498	-1.76284591687	-22.0
2.78245358791	1.18299245566	-16.0
1.90623813951	-0.397987966195	-32.0
2.3954648867	0.428089539704	-24.0
0.643936604187	1.04493980399	-34.0
3.14898016951	-1.80148648568	40.0
2.9965650218	-0.448022529477	34.0
1.70947920288	-0.525202253297	-44.0
1.32572359699	-0.196335685979	-28.0
0.132747623792	-0.406364303836	-44.0
2.07964027902	1.27076680014	-30.0
1.05620674543	-1.91882166599	-44.0
1.17411882971	-1.75839774411	-28.0
0.374603220468	-1.59830818601	-44.0
2.48357435912	0.693330609492	-48.0
1.27657185919	1.64768588825	-36.0
0.142587364822	-1.26345797399	-44.0
3.18380610949	1.37368717898	44.0
3.22855688693	1.28035526047	36.0
3.88198172694	-0.737612092087	40.0
0.984145091961	-0.0333858767817	-44.0
2.81629556403	-0.293423299644	-12.0
0.647940889525	0.125531472913	-40.0
3.63294921524	-1.52709921058	40.0
0.975447463844	1.6064018441	-34.0
0.203960586108	0.774014751455	-48.0
0.758928618026	0.32838560318	-46.0
3.42687240632	1.29556192765	36.0
1.54843671427	0.472392971871	-46.0
1.23942684945	-0.0736358261212	-32.0
2.09202870746	-1.32821821354	-36.0
1.97523596601	1.33342761634	-32.0
2.655149355	-0.407985323597	-26.0
0.620823450796	-0.391520168958	-44.0
0.912900431374	-0.712725707457	-44.0
3.30741835253	0.165036548736	50.0
0.714791640811	-1.43073009762	-44.0
3.00685957231	0.527942282131	42.0
2.79167672408	1.84448393795	-6.0
1.69187625096	-1.0341632045	-44.0
0.718881435981	-1.41620885356	-44.0
0.591403145019	0.405865701167	-44.0
3.81603549369	-1.25927950455	40.0
0.319967503245	0.776427584362	-48.0
0.541360919053	-0.918991528799	-44.0
0.157384543148	-1.62179996713	-44.0
1.57916659083	1.50137303538	-40.0
3.69300898745	-1.22512123857	40.0
2.03496396021	-1.42784654633	-42.0
1.40663587717	0.32471679154	-40.0
0.917982039753	-0.532699116465	-44.0
3.21647883347	-1.80470352309	40.0
3.85280700385	1.26147606154	48.0
1.26071560906	0.293499685058	-24.0
1.98974632678	-0.378854941057	-22.0
0.108897266508	-0.683515188947	-44.0
1.4897358842	0.81204769061	-38.0
3.72467842489	-0.975410995185	40.0
2.34365324858	1.02123540219	-50.0
3.81756958904	0.940878554922	44.0
0.118713140024	-0.872615437081	-44.0
0.555650198161	-1.43299379938	-44.0
1.56747077582	0.861880821093	-46.0
2.31189867114	1.61601699099	-34.0
2.67269789061	-0.249824575317	-26.0
3.9046845758	-1.04021155456	40.0
0.972730781735	-0.316841626774	-44.0
0.85490469279	-1.4112372308	-44.0
1.09072571458	-0.831641723972	-44.0
1.68625889081	-1.15051203839	-44.0
1.40717195112	0.0133569871331	-38.0
3.64490980545	1.6561233004	46.0
1.7520956561	-0.35230185911	-24.0
3.93435841935	1.80460991865	50.0
3.25599307183	0.618690181311	40.0
0.157389042186	-0.447663258539	-44.0
1.62246041244	-1.61557202414	-24.0
3.93704344843	-0.382175707115	40.0
1.74929725932	1.58356792657	-14.0
3.82919392571	0.89162622186	46.0
2.08075150713	0.022527152753	-36.0
3.38548594458	-0.345674494083	40.0
2.30014073464	-0.964332917459	-22.0
0.288932548218	-0.433395434737	-44.0
2.46360426386	1.42348424166	-50.0
2.23872936938	-0.989176460514	-30.0
2.52925200151	0.00881469130369	-30.0
0.617680822976	-1.11048788463	-44.0
0.834268060184	0.231838522682	-34.0
3.0181305737	0.63297595419	34.0
2.83649992653	0.176151857878	-2.0
2.25685516046	-0.680358055014	-24.0
3.82044277199	-1.50765602187	40.0
2.67884744174	1.48917937933	-32.0
2.94024931634	1.70854297496	32.0
1.89465292387	-0.863380547629	-44.0
1.94211047059	1.50382287253	-14.0
2.96806360884	-0.625093394144	30.0
0.343479156582	0.536586873474	-42.0
3.70756702411	1.05614126087	38.0
3.55649651427	0.806295809436	36.0
0.500507998873	-0.670494504201	-44.0
2.27528328923	-1.07095962543	-42.0
2.21102332089	-1.27301662857	-36.0
2.78769410231	1.19572266375	-10.0
0.6794658034	0.740338362003	-46.0
2.77254745028	-0.304021129507	-20.0
1.25181503768	-1.38172637708	-32.0
1.91648991927	-0.772946864935	-38.0
2.52777001757	-1.73712024529	-30.0
0.156235238745	1.60515698535	-34.0
1.28737643306	-0.208811626409	-32.0
1.60820179699	-1.01883582713	-38.0
3.61032631533	0.815821628305	36.0
0.603452933277	0.936196533388	-34.0
3.34426557084	-1.91317107461	40.0
3.53357560048	0.677248826633	44.0
3.48985523578	0.229578889157	50.0
2.9979414528	-1.18268979282	34.0
3.78199257292	-1.86629727156	40.0
0.431045387133	0.245737373297	-34.0
0.208265489958	0.341532635019	-46.0
3.45825856669	1.55967275776	40.0
2.40979326963	1.59005613542	-38.0
2.94424641982	0.736030437998	20.0
3.00773118582	1.12892282509	38.0
3.22730806548	0.604274136991	44.0
2.23221556016	0.0476447913058	-30.0
2.13713572479	-1.94591509362	-36.0
1.32231425254	-0.472820382558	-38.0
3.49744563479	1.80712351195	50.0
1.08465876922	1.58388864472	-34.0
1.53339526264	-0.391583973675	-24.0
3.55635109235	1.70675952286	48.0
3.62096868945	-1.23841122162	40.0
0.661546689501	1.40094714227	-46.0
1.77610170471	1.84927999826	-38.0
3.33760677111	-0.412494665873	40.0
1.07490919484	-0.203499924268	-44.0
1.66410637923	1.54060641341	-36.0
1.0783166697	-0.974080603422	-44.0
2.79287126135	-0.0745806069346	-12.0
0.50475019529	-0.0699511531096	-44.0
3.38651197699	-0.158531879406	40.0
3.81962081172	-0.96895544283	40.0
3.81638551429	0.0498712693326	40.0
3.55316566678	1.07509359339	44.0
3.28200525702	-0.29455030723	40.0
2.65609023911	1.21446357217	-20.0
3.21763815156	-1.90138381042	40.0
0.488319121655	1.41671614042	-50.0
0.297673037795	-1.91414133107	-44.0
0.799384785636	-1.67126600662	-44.0
2.8283206564	-1.22169356978	-26.0
3.19102374922	0.0481164909826	40.0
2.97478423155	0.193779253973	30.0
0.133715456047	-0.782101931726	-44.0
0.578564485942	0.477996797971	-50.0
2.42631358101	0.714425449528	-18.0
0.33948637504	1.65851069909	-48.0
2.57427015192	1.14147986891	-14.0
2.23370653913	-0.469491499636	-30.0
3.36857805524	1.82787641435	34.0
0.400177023527	0.661641386331	-42.0
1.76362660639	0.472048078456	-30.0
2.3571848913	-1.3881636241	-44.0
2.91521467254	-0.472267163757	-12.0
1.35190210724	-1.87963915427	-24.0
2.40656169203	-0.645194673616	-44.0
1.04563673702	1.39461889031	-38.0
2.91572017571	-0.46679674052	-12.0
1.88077059026	-1.45283771826	-44.0
2.45023806068	0.457958750019	-36.0
2.15973933809	1.7350272732	-30.0
2.01139588919	0.937022060643	-26.0
2.96781615291	1.94588109071	38.0
1.97304620766	-0.387655345477	-26.0
0.534171444677	-1.74009800594	-44.0
1.4759691878	0.507711466333	-26.0
2.19226020338	-1.6514770106	-38.0
3.74397672257	-1.91388263991	40.0
2.54982889176	1.69551139252	-22.0
2.0680158114	1.05562262945	-38.0
2.21096915322	-1.03591863252	-36.0
1.51484549522	-0.38352959795	-24.0
3.06281825071	-1.13977067202	40.0
1.09581693993	1.60399778224	-34.0
2.6682481206	1.04318337399	-16.0
0.652577162909	0.0758650715389	-44.0
0.98904587875	-0.4971787289	-44.0
3.70043466876	0.382598398081	46.0
0.714574394418	-0.190640666704	-44.0
1.32896051314	-0.588094595042	-28.0
3.07143353951	0.728363396109	40.0
0.953597081894	1.85146014867	-38.0
0.88062059908	-0.245977283504	-44.0
1.88107172403	-1.68512613691	-44.0
3.82053721905	1.28762829689	36.0
1.1294730184	1.60558376555	-34.0
2.66756255281	-1.30538934368	-26.0
3.12069961214	-1.26247336969	40.0
1.62238093174	-0.329677658246	-24.0
0.925261522898	0.170210424805	-34.0
1.47932604053	-1.68900665294	-30.0
0.254781571571	-0.956259900385	-44.0
2.8858742405	1.3466773817	-8.0
3.08432174964	1.20805194887	46.0
3.74684662591	-1.01082816643	40.0
0.415983625669	-1.09115367843	-44.0
3.86112195305	1.60466567203	50.0
2.53173830062	1.91997500036	-32.0
2.36203551436	-0.41452135347	-44.0
1.38273802402	0.692633746344	-40.0
2.70319757809	-0.502704348589	-22.0
1.84605649529	0.752511173165	-40.0
1.43781318308	-1.38534353201	-42.0
1.50083295329	1.12331570357	-24.0
3.74378388893	-1.63238747037	40.0
3.56402335875	1.17825679121	50.0
2.95167368948	-0.843993584245	30.0
2.76283789011	-1.57241809103	-32.0
3.87832070172	1.55836928205	40.0
3.35582338917	0.581871602058	50.0
2.7324448792	-0.149270907217	-42.0
3.30007177336	0.468295555457	36.0
3.49777126791	-1.70473870547	40.0
2.63058594639	1.81513165829	-26.0
0.424899289794	-1.3166634634	-44.0
2.60707532092	-1.01061021628	-28.0
3.0019801528	-0.847292627026	36.0
1.67710511225	-0.0878447523612	-44.0
0.167094780236	0.747132154652	-46.0
2.29701689362	1.67891498023	-16.0
1.28235408925	-1.82633435336	-32.0
2.2088380654	0.0813248002829	-36.0
3.1292341829	0.647415301894	34.0
3.89725990732	0.747301449161	38.0
2.21768996066	0.503698897682	-42.0
3.83585981392	-1.46180192125	40.0
1.32962975055	-0.535426336176	-28.0
2.86085890114	1.16247455361	6.0
1.04700983247	-0.95768430169	-44.0
3.84616022363	1.83576708837	34.0
0.5431981618	1.84699594513	-38.0
3.24501196736	0.424368405892	50.0
1.18643950762	0.902253456787	-32.0
0.222723629194	0.965420014773	-50.0
3.7251710528	0.0957717401445	40.0
2.6591123259	0.269651795121	-26.0
3.44714364623	-0.793032290424	40.0
0.141167654026	-0.285442238372	-44.0
1.00061448403	-0.205169590001	-44.0
2.15369463166	0.352446915503	-32.0
2.80159990441	-1.87691662024	-12.0
0.497393168117	0.550246320265	-36.0
3.44723083485	-1.04788040769	40.0
1.75967545515	1.90162252334	-26.0
0.781155434656	0.842066102964	-38.0
0.216467113559	-1.33725969966	-44.0
2.6341260777	0.419510971218	-26.0
2.63776110252	-0.196266605743	-36.0
0.859212959695	-1.14161521976	-44.0
1.44120787547	0.796638032735	-38.0
0.488224434421	0.289606904533	-36.0
3.31540352063	-1.72509838673	40.0
0.361267282639	-1.50146392817	-44.0
0.261429526571	-0.834156956274	-44.0
0.993518785348	1.62787206224	-38.0
1.54235868522	0.485377428091	-30.0
1.98888929058	0.827767691443	-16.0
3.76703927833	-1.20485435986	40.0
2.36815080631	0.95655855243	-26.0
1.33085667271	0.89856437873	-22.0
2.52865795112	1.56224218934	-30.0
1.69896834851	-0.832818904903	-44.0
3.73055124466	-0.673909167681	40.0
3.93928518321	1.84209219525	46.0
3.01492780564	-1.34089007575	40.0
3.22760848711	1.86510163215	50.0
1.64307783849	-1.51923528969	-34.0
2.22017242891	0.536403411563	-34.0
3.14557354431	-1.72228081581	40.0
1.51788975059	1.49951806374	-30.0
2.76053792539	0.269313575598	-14.0
3.7168549363	-0.755936163895	40.0
3.17678646943	-0.420808549607	40.0
3.73854040851	-0.944205145674	40.0
2.28917106562	1.4580303007	-22.0
2.7224328805	-0.977324914849	-36.0
2.36634495519	-0.488633360185	-44.0
3.91674108496	0.829827017006	46.0
0.325458118184	-0.202932198547	-44.0
2.98613205609	-1.57722804421	34.0
1.20956086953	-0.184433175122	-42.0
3.47331041086	1.33187682775	36.0
2.31742334883	1.09500321374	-38.0
2.49866163968	-0.613589741524	-44.0
0.315423551111	1.04938051464	-46.0
1.55575782777	-1.55364133358	-44.0
2.47426858272	-0.984600572419	-44.0
3.88139260503	1.60217837619	46.0
1.87962631934	-1.57259861934	-44.0
3.21536211972	0.0563379854711	40.0
3.20630051059	-1.84808014788	40.0
2.62311216405	-0.586873581196	-26.0
3.55236250003	1.36996726844	44.0
0.663919881139	-0.968088528943	-44.0
3.12465636328	-0.178699093484	40.0
3.10677764264	1.16251104113	50.0
1.1708364954	1.41915034794	-50.0
3.94772490158	1.18438265787	46.0
0.67322443276	0.218644541786	-38.0
1.21365108434	1.47324756907	-46.0
3.0364452417	0.988217418755	34.0
3.75479554866	0.273999764586	36.0
0.49580080216	0.374587293765	-48.0
3.70028047162	1.80783584851	50.0
2.62311377565	1.37580072187	-22.0
2.13480400743	-1.39798280639	-36.0
3.02637201711	0.780466439212	44.0
1.18176873826	-0.196297493577	-42.0
3.35176246561	-0.576002012084	40.0
3.80328322832	-1.27712844944	40.0
1.59861786714	1.20048373003	-24.0
1.28518896435	-1.64133703547	-32.0
3.32439916746	0.596716400249	38.0
3.75206163072	-1.10381157436	40.0
2.39472711172	-1.64161692678	-34.0
3.30055620683	0.929293891164	50.0
1.48946336077	-1.31512949806	-34.0
3.40665685356	-1.82774951487	40.0
1.9862832357	-1.10385757366	-22.0
1.1129090938	-1.73979952126	-44.0
0.160061621742	0.993623480131	-50.0
2.49883686028	0.130060052301	-40.0
3.27211949088	-0.945316537297	40.0
3.17095695624	0.772457157199	36.0
0.14021625812	1.75753552929	-44.0
1.63810840062	-1.79450586738	-22.0
1.71113555373	-0.535392204443	-44.0
2.67312999281	0.150740741324	-20.0
3.60312517951	1.25854412585	48.0
0.718173887408	-0.766263454085	-44.0
0.707662197301	-0.549642805572	-44.0
0.328377422852	1.00548793976	-50.0
3.93733066563	0.77893434306	44.0
1.30928088795	-0.620305009085	-32.0
3.29284765002	-1.17748155891	40.0
1.15285589418	-0.441992411495	-44.0
2.40875053474	-0.866876561088	-44.0
0.110773407448	1.17568613013	-34.0
0.128884893475	-1.16716815251	-44.0
2.15307695612	-1.14335165913	-38.0
3.80760146397	0.0233656265128	40.0
0.30414377154	1.73542234859	-36.0
1.27568344292	-0.0423868414275	-32.0
2.27234590502	1.56609579883	-42.0
2.8040793366	0.430163116963	-2.0
0.215937525266	0.215935748199	-38.0
2.1553561053	1.12038455234	-28.0
0.833119356856	0.0116052738079	-44.0
3.02014288679	-1.7394966717	40.0
1.19293925923	-0.206727736273	-42.0
2.76755737526	-1.52015350763	-32.0
3.75236196577	-1.48829245025	40.0
1.60789549638	-0.598383715999	-38.0
1.2153190277	0.445100593358	-38.0
3.0346686487	-0.939565810946	40.0
1.64614459391	1.609360754	-24.0
0.31497418965	1.6505744092	-48.0
0.300653791628	1.01701929154	-50.0
2.1514699039	-1.90901314366	-38.0
3.57068361899	-1.69523695056	40.0
1.28037590991	1.58460024121	-36.0
0.25360259177	0.725776913569	-44.0
1.13416028077	-1.26297180481	-44.0
2.83618141905	-0.428655582114	-12.0
1.61660805553	0.19267956739	-40.0
1.99406837614	0.302847534907	-12.0
1.94797713828	-1.45264022359	-22.0
3.24005457341	-1.82912302221	40.0
1.0141339602	-0.977956558228	-44.0
3.5539512351	-0.00293720654019	40.0
1.45826679195	1.63317040173	-30.0
1.99532616134	0.00385714051723	-22.0
1.98092980402	0.707445947643	-14.0
0.981797248791	0.351938713772	-38.0
2.13923821726	0.190577890478	-36.0
2.07975894681	0.470818949784	-42.0
2.77490400027	1.47967631012	-24.0
1.66102824566	0.416869746682	-34.0
1.03575373851	0.0195599244286	-44.0
3.3973417906	-1.72630922867	40.0
2.75067453607	-0.983473650923	-42.0
0.582992244961	-1.55718595496	-44.0
2.29873922881	0.822441439994	-28.0
2.26589328757	-1.59933102759	-42.0
1.02945908729	0.528307458433	-42.0
3.75218812552	0.795300065184	44.0
1.6578933904	-1.35697537181	-34.0
0.68744131877	0.606861211287	-40.0
0.235786212051	-0.426996430187	-44.0
2.73667503132	1.76682023547	-32.0
1.72297895588	-0.979337893295	-28.0
3.5249068846	-1.11405280999	40.0
2.49210934066	-0.520083108307	-44.0
3.69249204217	1.08828401955	36.0
2.10436920434	1.23579580117	-38.0
2.61314648588	1.62757862488	-22.0
3.51017994324	-0.318086137537	40.0
3.44191161666	-1.52634912208	40.0
0.149242517221	0.795855481064	-40.0
0.469612648308	1.49519308703	-50.0
3.0915919173	0.717615494182	50.0
1.72215432636	1.76858483742	-18.0
1.97739977519	1.12474065762	-28.0
1.94437732709	-0.337406672547	-22.0
0.581457047489	-0.365601251624	-44.0
2.47898574828	0.391361646612	-38.0
3.61533938427	1.18986646212	46.0
1.37582354462	0.336623472556	-38.0
2.67519991323	-1.66043824109	-26.0
2.35283219017	-0.0487216848457	-44.0
0.962068646969	1.60790161535	-34.0
0.200926606735	-0.380343457857	-44.0
3.58466973907	-1.36105127208	40.0
1.38271195964	-0.239707515849	-36.0
0.193883819297	-1.1471236147	-44.0
3.87245105455	-1.51349990719	40.0
2.19370030994	0.228636073383	-32.0
2.27634110521	1.5781874006	-32.0
1.50483656717	1.66346307997	-28.0
1.70619283567	1.00102309126	-50.0
3.90366717721	-0.267052537306	40.0
2.40063808031	-1.43725656866	-40.0
3.86004079012	1.63578621783	40.0
0.151041264103	0.489539347945	-50.0
3.7939243003	1.55120475482	48.0
3.10382805472	-0.283955337279	40.0
2.8503527477	-1.65683169287	-12.0
2.40236999145	0.514437098467	-44.0
1.57066484071	-0.00622672029474	-44.0
1.63582327015	-1.94512188181	-22.0
2.96249870213	-0.502972277444	30.0
2.76385583165	-1.3513285685	-32.0
0.523038681116	-1.74885225621	-44.0
2.14229880272	-1.3801523942	-28.0
1.4969258577	1.35702668322	-36.0
0.621632928831	-1.14633060296	-44.0
0.921538755566	-0.988350114052	-44.0
2.28721380627	1.34863201846	-32.0
2.24250808965	-0.988436548844	-30.0
0.882569749763	0.34300241077	-46.0
2.16813217011	-1.40527138183	-38.0
0.277696174413	-0.0641905567716	-44.0
2.72570506859	-1.66682818062	-42.0
3.76651916488	-0.859811398749	40.0
2.78557895182	-1.4065195443	-20.0
3.70127718351	0.876860195408	46.0
2.97900000899	-0.348432593928	30.0
1.14762084703	-0.857912610438	-44.0
3.30694153953	-1.14433216016	40.0
1.58483208827	1.7168550196	-36.0
3.89264760027	-0.505537204566	40.0
0.130069931094	-1.43981742864	-44.0
2.4732934143	-0.805053901769	-44.0
3.2234022255	-1.19064225714	40.0
2.76838876628	0.826557482932	-26.0
2.7178973572	0.568915541426	-38.0
3.50100896677	-1.75907567379	40.0
0.210230772084	-1.87691984569	-44.0
1.72084567586	1.11001860459	-18.0
3.75977867874	-0.210281292064	40.0
0.478890692039	1.73248935305	-36.0
3.51186928762	-0.152111822307	40.0
1.97293673691	0.639704772034	-32.0
3.61124210448	0.0291523508455	40.0
